map_seed	seat	opponent	baseline_score	baseline_opponent_score	baseline_margin	candidate_score	candidate_opponent_score	candidate_margin	delta	baseline_wood	candidate_wood	baseline_opponent_wood	candidate_opponent_wood	baseline_turn	candidate_turn	baseline_train_turn	candidate_train_turn	baseline_workers	candidate_workers	baseline_period2	candidate_period2	baseline_issues	candidate_issues	baseline_critical	candidate_critical	baseline_unclassified	candidate_unclassified
9854000	0	resident	104	100	4	104	100	4	0	26	26	25	25	185	185	1	1	2	2	0	0	0	0	0	0	0	0
9854000	0	gold_adaptive	100	32	68	100	32	68	0	25	25	6	6	217	217	1	1	2	2	3	3	0	0	0	0	0	0
9854000	0	compact_gold	100	32	68	100	32	68	0	25	25	6	6	217	217	1	1	2	2	3	3	0	0	0	0	0	0
9854000	0	norx_native_three	119	62	57	119	62	57	0	28	28	0	0	301	301	1	1	2	2	7	7	8	8	0	0	0	0
9854000	0	legend_balanced	180	63	117	180	63	117	0	44	44	7	7	301	301	1	1	2	2	5	5	2	2	0	0	0	0
9854000	0	mybot	140	77	63	140	77	63	0	34	34	17	17	301	301	1	1	2	2	3	3	36	36	0	0	0	0
9854000	1	resident	100	104	-4	100	104	-4	0	25	25	26	26	185	185	1	1	2	2	0	0	0	0	0	0	0	0
9854000	1	gold_adaptive	108	44	64	108	44	64	0	27	27	9	9	231	231	1	1	2	2	3	3	4	4	0	0	0	0
9854000	1	compact_gold	108	44	64	108	44	64	0	27	27	9	9	231	231	1	1	2	2	3	3	4	4	0	0	0	0
9854000	1	norx_native_three	140	71	69	140	71	69	0	34	34	0	0	301	301	1	1	2	2	4	4	6	6	0	0	0	0
9854000	1	legend_balanced	180	48	132	180	48	132	0	44	44	2	2	301	301	1	1	2	2	3	3	3	3	0	0	0	0
9854000	1	mybot	128	71	57	128	71	57	0	31	31	16	16	301	301	1	1	2	2	3	3	21	21	0	0	0	0
9854001	0	resident	176	176	0	176	176	0	0	29	29	29	29	301	301	1	1	2	2	76	76	0	0	0	0	0	0
9854001	0	gold_adaptive	270	102	168	270	102	168	0	30	30	21	21	301	301	1	1	2	2	3	3	22	22	0	0	0	0
9854001	0	compact_gold	300	317	-17	300	317	-17	0	38	38	77	77	301	301	1	1	2	2	3	3	25	25	0	0	0	0
9854001	0	norx_native_three	300	134	166	300	134	166	0	38	38	2	2	301	301	1	1	2	2	3	3	27	27	0	0	0	0
9854001	0	legend_balanced	297	90	207	297	90	207	0	37	37	4	4	301	301	1	1	2	2	3	3	41	41	0	0	0	0
9854001	0	mybot	223	134	89	223	134	89	0	45	45	21	21	301	301	1	1	2	2	4	4	36	36	0	0	0	0
9854001	1	resident	176	176	0	176	176	0	0	29	29	29	29	301	301	1	1	2	2	77	77	0	0	0	0	0	0
9854001	1	gold_adaptive	259	92	167	259	92	167	0	30	30	18	18	301	301	1	1	2	2	3	3	21	21	0	0	0	0
9854001	1	compact_gold	292	278	14	292	278	14	0	36	36	67	67	301	301	1	1	2	2	0	0	23	23	0	0	0	0
9854001	1	norx_native_three	297	110	187	297	110	187	0	37	37	1	1	301	301	1	1	2	2	3	3	22	22	0	0	0	0
9854001	1	legend_balanced	308	93	215	308	93	215	0	40	40	3	3	301	301	1	1	2	2	0	0	24	24	0	0	0	0
9854001	1	mybot	194	124	70	194	124	70	0	38	38	19	19	301	301	1	1	2	2	48	48	44	44	0	0	0	0
9854002	0	resident	188	192	-4	188	192	-4	0	47	47	48	48	221	221	6	6	2	2	4	4	0	0	0	0	0	0
9854002	0	gold_adaptive	216	69	147	216	69	147	0	54	54	14	14	250	250	6	6	2	2	5	5	63	63	0	0	0	0
9854002	0	compact_gold	228	144	84	228	144	84	0	57	57	31	31	229	229	6	6	2	2	4	4	21	21	0	0	0	0
9854002	0	norx_native_three	293	63	230	293	63	230	0	72	72	2	2	301	301	6	6	2	2	5	5	1	1	0	0	0	0
9854002	0	legend_balanced	298	91	207	298	91	207	0	73	73	6	6	301	301	6	6	2	2	4	4	21	21	0	0	0	0
9854002	0	mybot	188	114	74	188	114	74	0	47	47	24	24	222	222	6	6	2	2	3	3	30	30	0	0	0	0
9854002	1	resident	192	188	4	192	188	4	0	48	48	47	47	221	221	6	6	2	2	3	3	0	0	0	0	0	0
9854002	1	gold_adaptive	208	66	142	208	66	142	0	52	52	14	14	229	229	6	6	2	2	3	3	98	98	0	0	0	0
9854002	1	compact_gold	328	193	135	328	193	135	0	82	82	44	44	292	292	6	6	2	2	6	6	34	34	0	0	0	0
9854002	1	norx_native_three	310	111	199	310	111	199	0	76	76	2	2	301	301	6	6	2	2	6	6	9	9	0	0	0	0
9854002	1	legend_balanced	318	89	229	318	89	229	0	78	78	5	5	301	301	6	6	2	2	4	4	44	44	0	0	0	0
9854002	1	mybot	208	147	61	208	147	61	0	52	52	32	32	230	230	6	6	2	2	3	3	11	11	0	0	0	0
9854003	0	resident	132	129	3	132	129	3	0	32	32	31	31	301	301	10	10	2	2	175	175	0	0	0	0	0	0
9854003	0	gold_adaptive	296	286	10	296	286	10	0	74	74	71	71	292	292	10	10	2	2	4	4	156	156	0	0	0	0
9854003	0	compact_gold	284	241	43	284	241	43	0	71	71	57	57	275	275	10	10	2	2	4	4	20	20	0	0	0	0
9854003	0	norx_native_three	320	59	261	320	59	261	0	79	79	0	0	301	301	10	10	2	2	3	3	111	111	0	0	0	0
9854003	0	legend_balanced	323	275	48	323	275	48	0	80	80	62	62	301	301	10	10	2	2	3	3	72	72	0	0	0	0
9854003	0	mybot	316	150	166	316	150	166	0	77	77	22	22	301	301	10	10	2	2	41	41	116	116	0	0	0	0
9854003	1	resident	129	132	-3	129	132	-3	0	31	31	32	32	301	301	10	10	2	2	175	175	0	0	0	0	0	0
9854003	1	gold_adaptive	287	260	27	287	260	27	0	68	68	65	65	262	262	10	10	2	2	3	3	151	151	0	0	0	0
9854003	1	compact_gold	264	253	11	264	253	11	0	66	66	60	60	277	277	10	10	2	2	0	0	25	25	0	0	0	0
9854003	1	norx_native_three	301	72	229	301	72	229	0	74	74	3	3	301	301	10	10	2	2	4	4	4	4	0	0	0	0
9854003	1	legend_balanced	296	317	-21	296	317	-21	0	73	73	75	75	301	301	10	10	2	2	3	3	92	92	0	0	0	0
9854003	1	mybot	332	137	195	332	137	195	0	82	82	17	17	301	301	10	10	2	2	5	5	150	150	0	0	0	0
9854004	0	resident	108	108	0	108	108	0	0	27	27	27	27	174	174	16	16	2	2	3	3	0	0	0	0	0	0
9854004	0	gold_adaptive	144	85	59	144	85	59	0	36	36	18	18	301	301	16	16	2	2	3	3	21	21	0	0	0	0
9854004	0	compact_gold	191	248	-57	191	248	-57	0	47	47	60	60	301	301	16	16	2	2	4	4	16	16	0	0	0	0
9854004	0	norx_native_three	160	130	30	160	130	30	0	39	39	2	2	301	301	16	16	2	2	4	4	14	14	0	0	0	0
9854004	0	legend_balanced	186	97	89	186	97	89	0	46	46	12	12	301	301	16	16	2	2	3	3	39	39	0	0	0	0
9854004	0	mybot	184	98	86	184	98	86	0	45	45	20	20	301	301	16	16	2	2	4	4	48	48	0	0	0	0
9854004	1	resident	108	112	-4	108	112	-4	0	27	27	28	28	185	185	16	16	2	2	4	4	0	0	0	0	0	0
9854004	1	gold_adaptive	152	79	73	152	79	73	0	38	38	17	17	267	267	16	16	2	2	3	3	41	41	0	0	0	0
9854004	1	compact_gold	172	248	-76	172	248	-76	0	43	43	60	60	283	283	16	16	2	2	4	4	29	29	0	0	0	0
9854004	1	norx_native_three	144	138	6	144	138	6	0	36	36	30	30	247	247	16	16	2	2	3	3	84	84	0	0	0	0
9854004	1	legend_balanced	183	95	88	183	95	88	0	45	45	1	1	301	301	16	16	2	2	4	4	1	1	0	0	0	0
9854004	1	mybot	183	100	83	183	100	83	0	45	45	19	19	301	301	16	16	2	2	4	4	44	44	0	0	0	0
9854005	0	resident	168	160	8	168	160	8	0	42	42	40	40	210	210	1	1	2	2	0	0	0	0	0	0	0	0
9854005	0	gold_adaptive	208	32	176	208	32	176	0	52	52	4	4	298	298	1	1	2	2	12	12	41	41	0	0	0	0
9854005	0	compact_gold	208	187	21	208	187	21	0	52	52	43	43	263	263	1	1	2	2	4	4	41	41	0	0	0	0
9854005	0	norx_native_three	327	160	167	327	160	167	0	80	80	4	4	301	301	1	1	2	2	28	28	23	23	0	0	0	0
9854005	0	legend_balanced	250	149	101	250	149	101	0	61	61	0	0	301	301	1	1	2	2	36	36	1	1	0	0	0	0
9854005	0	mybot	240	171	69	240	171	69	0	60	60	38	38	293	293	1	1	2	2	4	4	48	48	0	0	0	0
9854005	1	resident	152	156	-4	152	156	-4	0	38	38	39	39	199	199	1	1	2	2	9	9	0	0	0	0	0	0
9854005	1	gold_adaptive	208	40	168	208	40	168	0	52	52	6	6	283	283	1	1	2	2	4	4	9	9	0	0	0	0
9854005	1	compact_gold	234	301	-67	234	301	-67	0	58	58	72	72	301	301	1	1	2	2	4	4	37	37	0	0	0	0
9854005	1	norx_native_three	230	94	136	230	94	136	0	56	56	0	0	301	301	1	1	2	2	38	38	15	15	0	0	0	0
9854005	1	legend_balanced	262	70	192	262	70	192	0	64	64	0	0	301	301	1	1	2	2	6	6	48	48	0	0	0	0
9854005	1	mybot	216	195	21	216	195	21	0	54	54	40	40	301	301	1	1	2	2	80	80	20	20	0	0	0	0
9854006	0	resident	148	136	12	148	136	12	0	37	37	34	34	188	188	10	10	2	2	8	8	0	0	0	0	0	0
9854006	0	gold_adaptive	148	70	78	148	70	78	0	37	37	15	15	228	228	10	10	2	2	5	5	59	59	0	0	0	0
9854006	0	compact_gold	140	121	19	140	121	19	0	35	35	10	10	279	279	10	10	2	2	40	40	105	105	0	0	0	0
9854006	0	norx_native_three	192	28	164	192	28	164	0	47	47	0	0	301	301	10	10	2	2	8	8	123	123	0	0	0	0
9854006	0	legend_balanced	231	109	122	231	109	122	0	57	57	0	0	301	301	10	10	2	2	4	4	10	10	0	0	0	0
9854006	0	mybot	241	113	128	241	113	128	0	60	60	22	22	301	301	10	10	2	2	5	5	59	59	0	0	0	0
9854006	1	resident	136	148	-12	136	148	-12	0	34	34	37	37	188	188	10	10	2	2	0	0	0	0	0	0	0	0
9854006	1	gold_adaptive	152	66	86	152	66	86	0	38	38	14	14	301	301	10	10	2	2	4	4	27	27	0	0	0	0
9854006	1	compact_gold	148	136	12	148	136	12	0	37	37	14	14	272	272	10	10	2	2	36	36	79	79	0	0	0	0
9854006	1	norx_native_three	198	42	156	198	42	156	0	48	48	3	3	301	301	10	10	2	2	3	3	0	0	0	0	0	0
9854006	1	legend_balanced	234	116	118	234	116	118	0	58	58	0	0	301	301	10	10	2	2	8	8	10	10	0	0	0	0
9854006	1	mybot	245	113	132	245	113	132	0	61	61	23	23	301	301	10	10	2	2	5	5	82	82	0	0	0	0
9854007	0	resident	160	160	0	160	160	0	0	40	40	40	40	191	191	10	10	2	2	0	0	0	0	0	0	0	0
9854007	0	gold_adaptive	260	97	163	260	97	163	0	65	65	21	21	293	293	10	10	2	2	3	3	63	63	0	0	0	0
9854007	0	compact_gold	294	240	54	294	240	54	0	72	72	57	57	300	300	10	10	2	2	3	3	22	22	0	0	0	0
9854007	0	norx_native_three	261	162	99	261	162	99	0	64	64	0	0	301	301	10	10	2	2	7	7	99	99	0	0	0	0
9854007	0	legend_balanced	335	108	227	335	108	227	0	82	82	12	12	301	301	10	10	2	2	3	3	39	39	0	0	0	0
9854007	0	mybot	248	185	63	248	185	63	0	61	61	36	36	301	301	10	10	2	2	4	4	44	44	0	0	0	0
9854007	1	resident	160	160	0	160	160	0	0	40	40	40	40	191	191	10	10	2	2	0	0	0	0	0	0	0	0
9854007	1	gold_adaptive	216	96	120	216	96	120	0	54	54	21	21	273	273	10	10	2	2	0	0	55	55	0	0	0	0
9854007	1	compact_gold	289	312	-23	289	312	-23	0	71	71	75	75	301	301	10	10	2	2	0	0	30	30	0	0	0	0
9854007	1	norx_native_three	270	134	136	270	134	136	0	66	66	3	3	301	301	10	10	2	2	9	9	29	29	0	0	0	0
9854007	1	legend_balanced	289	105	184	289	105	184	0	71	71	14	14	301	301	10	10	2	2	3	3	40	40	0	0	0	0
9854007	1	mybot	258	183	75	258	183	75	0	64	64	40	40	300	300	10	10	2	2	3	3	33	33	0	0	0	0
9854008	0	resident	108	108	0	108	108	0	0	27	27	27	27	143	143	8	8	2	2	0	0	0	0	0	0	0	0
9854008	0	gold_adaptive	176	16	160	176	16	160	0	44	44	1	1	301	301	8	8	2	2	0	0	4	4	0	0	0	0
9854008	0	compact_gold	176	17	159	176	17	159	0	44	44	0	0	301	301	8	8	2	2	0	0	0	0	0	0	0	0
9854008	0	norx_native_three	220	57	163	220	57	163	0	55	55	7	7	301	301	8	8	2	2	6	6	0	0	0	0	0	0
9854008	0	legend_balanced	220	31	189	220	31	189	0	55	55	0	0	301	301	8	8	2	2	5	5	0	0	0	0	0	0
9854008	0	mybot	196	154	42	196	154	42	0	49	49	29	29	301	301	8	8	2	2	3	3	21	21	0	0	0	0
9854008	1	resident	108	108	0	108	108	0	0	27	27	27	27	143	143	8	8	2	2	3	3	0	0	0	0	0	0
9854008	1	gold_adaptive	176	20	156	176	20	156	0	44	44	2	2	292	292	8	8	2	2	3	3	4	4	0	0	0	0
9854008	1	compact_gold	176	17	159	176	17	159	0	44	44	0	0	301	301	8	8	2	2	0	0	0	0	0	0	0	0
9854008	1	norx_native_three	221	26	195	221	26	195	0	55	55	1	1	301	301	8	8	2	2	3	3	102	102	0	0	0	0
9854008	1	legend_balanced	200	46	154	200	46	154	0	50	50	0	0	301	301	8	8	2	2	3	3	0	0	0	0	0	0
9854008	1	mybot	188	147	41	188	147	41	0	47	47	31	31	301	301	8	8	2	2	3	3	43	43	0	0	0	0
9854009	0	resident	160	164	-4	160	164	-4	0	40	40	41	41	191	191	1	1	2	2	0	0	0	0	0	0	0	0
9854009	0	gold_adaptive	204	117	87	204	117	87	0	51	51	26	26	232	232	1	1	2	2	0	0	50	50	0	0	0	0
9854009	0	compact_gold	256	215	41	256	215	41	0	64	64	51	51	280	280	1	1	2	2	4	4	26	26	0	0	0	0
9854009	0	norx_native_three	294	101	193	294	101	193	0	71	71	2	2	301	301	1	1	2	2	4	4	11	11	0	0	0	0
9854009	0	legend_balanced	291	70	221	291	70	221	0	71	71	4	4	301	301	1	1	2	2	4	4	26	26	0	0	0	0
9854009	0	mybot	224	179	45	224	179	45	0	56	56	42	42	276	276	1	1	2	2	8	8	26	26	0	0	0	0
9854009	1	resident	164	160	4	164	160	4	0	41	41	40	40	191	191	1	1	2	2	3	3	0	0	0	0	0	0
9854009	1	gold_adaptive	196	73	123	196	73	123	0	49	49	15	15	245	245	1	1	2	2	3	3	38	38	0	0	0	0
9854009	1	compact_gold	268	178	90	268	178	90	0	67	67	42	42	251	251	1	1	2	2	3	3	13	13	0	0	0	0
9854009	1	norx_native_three	282	112	170	282	112	170	0	69	69	0	0	301	301	1	1	2	2	10	10	99	99	0	0	0	0
9854009	1	legend_balanced	282	90	192	282	90	192	0	69	69	4	4	301	301	1	1	2	2	9	9	45	45	0	0	0	0
9854009	1	mybot	232	178	54	232	178	54	0	58	58	42	42	291	291	1	1	2	2	4	4	10	10	0	0	0	0
9854010	0	resident	180	188	-8	180	188	-8	0	45	45	47	47	176	176	1	1	2	2	7	7	0	0	0	0	0	0
9854010	0	gold_adaptive	232	75	157	232	75	157	0	58	58	15	15	214	214	1	1	2	2	3	3	109	109	0	0	0	0
9854010	0	compact_gold	200	133	67	200	133	67	0	50	50	30	30	176	176	1	1	2	2	8	8	27	27	0	0	0	0
9854010	0	norx_native_three	345	72	273	345	72	273	0	85	85	1	1	301	301	1	1	2	2	8	8	25	25	0	0	0	0
9854010	0	legend_balanced	377	230	147	377	230	147	0	93	93	52	52	301	301	1	1	2	2	3	3	71	71	0	0	0	0
9854010	0	mybot	252	154	98	252	154	98	0	63	63	34	34	273	273	1	1	2	2	34	34	26	26	0	0	0	0
9854010	1	resident	188	180	8	188	180	8	0	47	47	45	45	176	176	1	1	2	2	4	4	0	0	0	0	0	0
9854010	1	gold_adaptive	224	75	149	224	75	149	0	56	56	15	15	206	206	1	1	2	2	3	3	65	65	0	0	0	0
9854010	1	compact_gold	188	129	59	188	129	59	0	47	47	29	29	165	165	1	1	2	2	3	3	37	37	0	0	0	0
9854010	1	norx_native_three	319	86	233	319	86	233	0	78	78	1	1	301	301	1	1	2	2	10	10	18	18	0	0	0	0
9854010	1	legend_balanced	344	228	116	344	228	116	0	85	85	53	53	301	301	1	1	2	2	4	4	61	61	0	0	0	0
9854010	1	mybot	224	135	89	224	135	89	0	56	56	30	30	223	223	1	1	2	2	3	3	32	32	0	0	0	0
9854011	0	resident	110	103	7	110	103	7	0	27	27	25	25	301	301	16	16	2	2	154	154	0	0	0	0	0	0
9854011	0	gold_adaptive	280	35	245	280	35	245	0	41	41	6	6	301	301	16	16	2	2	4	4	301	301	0	0	0	0
9854011	0	compact_gold	188	296	-108	188	296	-108	0	47	47	72	72	298	298	16	16	2	2	4	4	41	41	0	0	0	0
9854011	0	norx_native_three	209	165	44	209	165	44	0	52	52	5	5	301	301	16	16	2	2	16	16	39	39	0	0	0	0
9854011	0	legend_balanced	205	135	70	205	135	70	0	51	51	10	10	301	301	16	16	2	2	8	8	31	31	0	0	0	0
9854011	0	mybot	225	102	123	225	102	123	0	46	46	16	16	301	301	16	16	2	2	4	4	93	93	0	0	0	0
9854011	1	resident	103	110	-7	103	110	-7	0	25	25	27	27	301	301	18	18	2	2	160	160	0	0	0	0	0	0
9854011	1	gold_adaptive	287	59	228	287	59	228	0	39	39	12	12	301	301	18	18	2	2	3	3	119	119	0	0	0	0
9854011	1	compact_gold	282	376	-94	282	376	-94	0	36	36	92	92	301	301	18	18	2	2	3	3	28	28	0	0	0	0
9854011	1	norx_native_three	293	66	227	293	66	227	0	39	39	2	2	301	301	18	18	2	2	0	0	0	0	0	0	0	0
9854011	1	legend_balanced	292	125	167	292	125	167	0	39	39	9	9	301	301	18	18	2	2	3	3	51	51	0	0	0	0
9854011	1	mybot	237	188	49	237	188	49	0	43	43	30	30	301	301	18	18	2	2	4	4	66	66	0	0	0	0
9854012	0	resident	152	148	4	152	148	4	0	38	38	37	37	205	205	10	10	2	2	15	15	0	0	0	0	0	0
9854012	0	gold_adaptive	192	44	148	192	44	148	0	48	48	7	7	301	301	10	10	2	2	10	10	1	1	0	0	0	0
9854012	0	compact_gold	188	34	154	188	34	154	0	47	47	4	4	251	251	10	10	2	2	3	3	0	0	0	0	0	0
9854012	0	norx_native_three	201	74	127	201	74	127	0	49	49	4	4	301	301	10	10	2	2	9	9	0	0	0	0	0	0
9854012	0	legend_balanced	276	26	250	276	26	250	0	68	68	0	0	301	301	10	10	2	2	3	3	0	0	0	0	0	0
9854012	0	mybot	256	111	145	256	111	145	0	63	63	23	23	301	301	10	10	2	2	3	3	42	42	0	0	0	0
9854012	1	resident	148	152	-4	148	152	-4	0	37	37	38	38	205	205	10	10	2	2	54	54	0	0	0	0	0	0
9854012	1	gold_adaptive	192	36	156	192	36	156	0	48	48	5	5	254	254	10	10	2	2	3	3	31	31	0	0	0	0
9854012	1	compact_gold	188	34	154	188	34	154	0	47	47	4	4	251	251	10	10	2	2	0	0	0	0	0	0	0	0
9854012	1	norx_native_three	198	64	134	198	64	134	0	49	49	3	3	301	301	10	10	2	2	9	9	3	3	0	0	0	0
9854012	1	legend_balanced	257	27	230	257	27	230	0	63	63	0	0	301	301	10	10	2	2	4	4	0	0	0	0	0	0
9854012	1	mybot	233	104	129	233	104	129	0	57	57	20	20	301	301	10	10	2	2	6	6	48	48	0	0	0	0
9854013	0	resident	100	108	-8	100	108	-8	0	25	25	27	27	160	160	14	14	2	2	0	0	0	0	0	0	0	0
9854013	0	gold_adaptive	160	12	148	160	12	148	0	40	40	0	0	296	296	14	14	2	2	4	4	105	105	0	0	0	0
9854013	0	compact_gold	132	145	-13	132	145	-13	0	33	33	8	8	262	262	14	14	2	2	5	5	191	191	0	0	0	0
9854013	0	norx_native_three	169	189	-20	169	189	-20	0	42	42	3	3	301	301	14	14	2	2	8	8	21	21	0	0	0	0
9854013	0	legend_balanced	184	125	59	184	125	59	0	46	46	12	12	301	301	14	14	2	2	4	4	59	59	0	0	0	0
9854013	0	mybot	188	141	47	188	141	47	0	47	47	14	14	301	301	14	14	2	2	5	5	203	203	0	0	0	0
9854013	1	resident	108	100	8	108	100	8	0	27	27	25	25	160	160	14	14	2	2	4	4	0	0	0	0	0	0
9854013	1	gold_adaptive	148	24	124	148	24	124	0	37	37	3	3	251	251	14	14	2	2	3	3	46	46	0	0	0	0
9854013	1	compact_gold	176	326	-150	176	326	-150	0	44	44	80	80	294	294	14	14	2	2	4	4	24	24	0	0	0	0
9854013	1	norx_native_three	172	139	33	172	139	33	0	43	43	3	3	301	301	14	14	2	2	12	12	69	69	0	0	0	0
9854013	1	legend_balanced	181	108	73	181	108	73	0	45	45	6	6	301	301	14	14	2	2	4	4	52	52	0	0	0	0
9854013	1	mybot	180	129	51	180	129	51	0	45	45	21	21	301	301	14	14	2	2	5	5	101	101	0	0	0	0
9854014	0	resident	112	100	12	112	100	12	0	28	28	25	25	185	185	1	1	2	2	3	3	0	0	0	0	0	0
9854014	0	gold_adaptive	132	79	53	132	79	53	0	33	33	17	17	252	252	1	1	2	2	6	6	74	74	0	0	0	0
9854014	0	compact_gold	152	273	-121	152	273	-121	0	38	38	67	67	301	301	1	1	2	2	4	4	23	23	0	0	0	0
9854014	0	norx_native_three	156	66	90	156	66	90	0	39	39	4	4	301	301	1	1	2	2	4	4	0	0	0	0	0	0
9854014	0	legend_balanced	155	78	77	155	78	77	0	38	38	10	10	301	301	1	1	2	2	6	6	45	45	0	0	0	0
9854014	0	mybot	165	114	51	165	114	51	0	41	41	16	16	301	301	1	1	2	2	4	4	7	7	0	0	0	0
9854014	1	resident	100	112	-12	100	112	-12	0	25	25	28	28	185	185	1	1	2	2	4	4	0	0	0	0	0	0
9854014	1	gold_adaptive	136	79	57	136	79	57	0	34	34	17	17	281	281	1	1	2	2	3	3	68	68	0	0	0	0
9854014	1	compact_gold	156	245	-89	156	245	-89	0	39	39	60	60	301	301	1	1	2	2	3	3	36	36	0	0	0	0
9854014	1	norx_native_three	164	64	100	164	64	100	0	41	41	2	2	301	301	1	1	2	2	5	5	0	0	0	0	0	0
9854014	1	legend_balanced	165	91	74	165	91	74	0	41	41	7	7	301	301	1	1	2	2	6	6	39	39	0	0	0	0
9854014	1	mybot	172	111	61	172	111	61	0	43	43	20	20	301	301	1	1	2	2	3	3	18	18	0	0	0	0
9854015	0	resident	144	148	-4	144	148	-4	0	36	36	37	37	205	205	10	10	2	2	4	4	0	0	0	0	0	0
9854015	0	gold_adaptive	200	70	130	200	70	130	0	50	50	14	14	301	301	10	10	2	2	9	9	87	87	0	0	0	0
9854015	0	compact_gold	194	289	-95	194	289	-95	0	47	47	69	69	301	301	10	10	2	2	4	4	26	26	0	0	0	0
9854015	0	norx_native_three	204	107	97	204	107	97	0	49	49	2	2	301	301	10	10	2	2	5	5	45	45	0	0	0	0
9854015	0	legend_balanced	200	111	89	200	111	89	0	48	48	4	4	301	301	10	10	2	2	9	9	2	2	0	0	0	0
9854015	0	mybot	208	149	59	208	149	59	0	50	50	30	30	301	301	10	10	2	2	4	4	64	64	0	0	0	0
9854015	1	resident	148	144	4	148	144	4	0	37	37	36	36	205	205	10	10	2	2	0	0	0	0	0	0	0	0
9854015	1	gold_adaptive	165	51	114	165	51	114	0	39	39	9	9	299	299	10	10	2	2	91	91	148	148	0	0	0	0
9854015	1	compact_gold	166	293	-127	166	293	-127	0	39	39	70	70	301	301	10	10	2	2	72	72	20	20	0	0	0	0
9854015	1	norx_native_three	181	60	121	181	60	121	0	42	42	0	0	301	301	10	10	2	2	40	40	48	48	0	0	0	0
9854015	1	legend_balanced	171	74	97	171	74	97	0	39	39	2	2	301	301	10	10	2	2	42	42	0	0	0	0	0	0
9854015	1	mybot	184	127	57	184	127	57	0	43	43	26	26	301	301	10	10	2	2	45	45	52	52	0	0	0	0
9854016	0	resident	112	124	-12	112	124	-12	0	28	28	31	31	142	142	1	1	2	2	0	0	0	0	0	0	0	0
9854016	0	gold_adaptive	120	38	82	120	38	82	0	30	30	7	7	175	175	1	1	2	2	3	3	26	26	0	0	0	0
9854016	0	compact_gold	112	75	37	112	75	37	0	28	28	17	17	147	147	1	1	2	2	0	0	13	13	0	0	0	0
9854016	0	norx_native_three	198	27	171	198	27	171	0	49	49	0	0	301	301	1	1	2	2	5	5	6	6	0	0	0	0
9854016	0	legend_balanced	203	73	130	203	73	130	0	50	50	10	10	301	301	1	1	2	2	7	7	1	1	0	0	0	0
9854016	0	mybot	180	83	97	180	83	97	0	45	45	18	18	263	263	1	1	2	2	5	5	61	61	0	0	0	0
9854016	1	resident	124	112	12	124	112	12	0	31	31	28	28	142	142	1	1	2	2	3	3	0	0	0	0	0	0
9854016	1	gold_adaptive	104	66	38	104	66	38	0	26	26	14	14	185	185	1	1	2	2	81	81	34	34	0	0	0	0
9854016	1	compact_gold	104	71	33	104	71	33	0	26	26	16	16	143	143	1	1	2	2	3	3	30	30	0	0	0	0
9854016	1	norx_native_three	188	39	149	188	39	149	0	47	47	1	1	301	301	1	1	2	2	4	4	7	7	0	0	0	0
9854016	1	legend_balanced	178	51	127	178	51	127	0	44	44	7	7	301	301	1	1	2	2	4	4	30	30	0	0	0	0
9854016	1	mybot	156	62	94	156	62	94	0	39	39	14	14	237	237	1	1	2	2	3	3	40	40	0	0	0	0
9854017	0	resident	120	120	0	120	120	0	0	30	30	30	30	218	218	1	1	2	2	3	3	0	0	0	0	0	0
9854017	0	gold_adaptive	144	106	38	144	106	38	0	36	36	23	23	298	298	1	1	2	2	4	4	43	43	0	0	0	0
9854017	0	compact_gold	155	277	-122	155	277	-122	0	37	37	66	66	301	301	1	1	2	2	5	5	32	32	0	0	0	0
9854017	0	norx_native_three	135	49	86	135	49	86	0	32	32	2	2	301	301	1	1	2	2	4	4	0	0	0	0	0	0
9854017	0	legend_balanced	163	107	56	163	107	56	0	39	39	6	6	301	301	1	1	2	2	4	4	17	17	0	0	0	0
9854017	0	mybot	167	136	31	167	136	31	0	40	40	19	19	301	301	1	1	2	2	4	4	135	135	0	0	0	0
9854017	1	resident	120	120	0	120	120	0	0	30	30	30	30	218	218	1	1	2	2	0	0	0	0	0	0	0	0
9854017	1	gold_adaptive	144	97	47	144	97	47	0	36	36	21	21	275	275	1	1	2	2	0	0	49	49	0	0	0	0
9854017	1	compact_gold	159	292	-133	159	292	-133	0	38	38	70	70	301	301	1	1	2	2	4	4	18	18	0	0	0	0
9854017	1	norx_native_three	131	64	67	131	64	67	0	31	31	1	1	301	301	1	1	2	2	14	14	7	7	0	0	0	0
9854017	1	legend_balanced	155	125	30	155	125	30	0	37	37	15	15	301	301	1	1	2	2	3	3	21	21	0	0	0	0
9854017	1	mybot	159	135	24	159	135	24	0	38	38	21	21	301	301	1	1	2	2	3	3	21	21	0	0	0	0
9854018	0	resident	120	120	0	120	120	0	0	30	30	30	30	228	228	8	8	2	2	4	4	0	0	0	0	0	0
9854018	0	gold_adaptive	133	12	121	133	12	121	0	32	32	0	0	301	301	8	8	2	2	4	4	1	1	0	0	0	0
9854018	0	compact_gold	161	281	-120	161	281	-120	0	39	39	69	69	301	301	8	8	2	2	6	6	18	18	0	0	0	0
9854018	0	norx_native_three	132	50	82	132	50	82	0	32	32	1	1	301	301	8	8	2	2	4	4	1	1	0	0	0	0
9854018	0	legend_balanced	149	50	99	149	50	99	0	36	36	0	0	301	301	8	8	2	2	9	9	0	0	0	0	0	0
9854018	0	mybot	144	106	38	144	106	38	0	35	35	15	15	301	301	8	8	2	2	4	4	6	6	0	0	0	0
9854018	1	resident	120	120	0	120	120	0	0	30	30	30	30	228	228	8	8	2	2	3	3	0	0	0	0	0	0
9854018	1	gold_adaptive	133	15	118	133	15	118	0	32	32	1	1	301	301	8	8	2	2	6	6	5	5	0	0	0	0
9854018	1	compact_gold	160	261	-101	160	261	-101	0	39	39	64	64	301	301	8	8	2	2	4	4	32	32	0	0	0	0
9854018	1	norx_native_three	129	52	77	129	52	77	0	31	31	0	0	301	301	8	8	2	2	4	4	27	27	0	0	0	0
9854018	1	legend_balanced	154	50	104	154	50	104	0	37	37	0	0	301	301	8	8	2	2	4	4	0	0	0	0	0	0
9854018	1	mybot	155	87	68	155	87	68	0	38	38	13	13	301	301	8	8	2	2	3	3	21	21	0	0	0	0
9854019	0	resident	112	116	-4	112	116	-4	0	28	28	29	29	139	139	8	8	2	2	3	3	0	0	0	0	0	0
9854019	0	gold_adaptive	152	50	102	152	50	102	0	38	38	10	10	197	197	8	8	2	2	3	3	38	38	0	0	0	0
9854019	0	compact_gold	212	139	73	212	139	73	0	53	53	33	33	218	218	8	8	2	2	3	3	15	15	0	0	0	0
9854019	0	norx_native_three	240	38	202	240	38	202	0	60	60	0	0	301	301	8	8	2	2	3	3	4	4	0	0	0	0
9854019	0	legend_balanced	311	67	244	311	67	244	0	77	77	10	10	301	301	8	8	2	2	4	4	30	30	0	0	0	0
9854019	0	mybot	299	134	165	299	134	165	0	74	74	27	27	301	301	8	8	2	2	3	3	78	78	0	0	0	0
9854019	1	resident	116	112	4	116	112	4	0	29	29	28	28	139	139	8	8	2	2	3	3	0	0	0	0	0	0
9854019	1	gold_adaptive	168	48	120	168	48	120	0	42	42	9	9	196	196	8	8	2	2	6	6	14	14	0	0	0	0
9854019	1	compact_gold	148	115	33	148	115	33	0	37	37	27	27	172	172	8	8	2	2	4	4	11	11	0	0	0	0
9854019	1	norx_native_three	255	51	204	255	51	204	0	63	63	1	1	301	301	8	8	2	2	6	6	1	1	0	0	0	0
9854019	1	legend_balanced	326	53	273	326	53	273	0	81	81	7	7	301	301	8	8	2	2	3	3	11	11	0	0	0	0
9854019	1	mybot	208	86	122	208	86	122	0	52	52	18	18	289	289	8	8	2	2	3	3	14	14	0	0	0	0
9854020	0	resident	76	76	0	76	76	0	0	19	19	19	19	159	159	6	6	2	2	3	3	0	0	0	0	0	0
9854020	0	gold_adaptive	96	45	51	96	45	51	0	24	24	9	9	242	242	6	6	2	2	5	5	75	75	0	0	0	0
9854020	0	compact_gold	132	258	-126	132	258	-126	0	33	33	63	63	301	301	6	6	2	2	4	4	22	22	0	0	0	0
9854020	0	norx_native_three	36	87	-51	36	87	-51	0	9	9	0	0	301	301	6	6	2	2	8	8	0	0	0	0	0	0
9854020	0	legend_balanced	129	36	93	129	36	93	0	32	32	0	0	301	301	6	6	2	2	3	3	0	0	0	0	0	0
9854020	0	mybot	116	74	42	116	74	42	0	29	29	13	13	301	301	6	6	2	2	4	4	103	103	0	0	0	0
9854020	1	resident	76	76	0	76	76	0	0	19	19	19	19	159	159	6	6	2	2	4	4	0	0	0	0	0	0
9854020	1	gold_adaptive	96	36	60	96	36	60	0	24	24	7	7	247	247	6	6	2	2	5	5	80	80	0	0	0	0
9854020	1	compact_gold	132	263	-131	132	263	-131	0	33	33	64	64	301	301	6	6	2	2	5	5	18	18	0	0	0	0
9854020	1	norx_native_three	116	77	39	116	77	39	0	29	29	0	0	301	301	6	6	2	2	8	8	12	12	0	0	0	0
9854020	1	legend_balanced	120	50	70	120	50	70	0	30	30	0	0	301	301	6	6	2	2	4	4	0	0	0	0	0	0
9854020	1	mybot	116	98	18	116	98	18	0	29	29	19	19	301	301	6	6	2	2	4	4	19	19	0	0	0	0
9854021	0	resident	112	112	0	112	112	0	0	28	28	28	28	154	154	20	20	2	2	0	0	0	0	0	0	0	0
9854021	0	gold_adaptive	124	40	84	124	40	84	0	31	31	7	7	184	184	20	20	2	2	3	3	27	27	0	0	0	0
9854021	0	compact_gold	192	132	60	192	132	60	0	48	48	31	31	235	235	20	20	2	2	4	4	15	15	0	0	0	0
9854021	0	norx_native_three	232	94	138	232	94	138	0	58	58	2	2	301	301	20	20	2	2	5	5	17	17	0	0	0	0
9854021	0	legend_balanced	293	257	36	293	257	36	0	73	73	63	63	301	301	20	20	2	2	4	4	72	72	0	0	0	0
9854021	0	mybot	196	92	104	196	92	104	0	49	49	19	19	301	301	20	20	2	2	5	5	82	82	0	0	0	0
9854021	1	resident	112	112	0	112	112	0	0	28	28	28	28	154	154	20	20	2	2	3	3	0	0	0	0	0	0
9854021	1	gold_adaptive	128	40	88	128	40	88	0	32	32	7	7	301	301	20	20	2	2	3	3	133	133	0	0	0	0
9854021	1	compact_gold	132	88	44	132	88	44	0	33	33	20	20	184	184	20	20	2	2	4	4	9	9	0	0	0	0
9854021	1	norx_native_three	236	86	150	236	86	150	0	59	59	1	1	301	301	20	20	2	2	5	5	38	38	0	0	0	0
9854021	1	legend_balanced	285	89	196	285	89	196	0	71	71	14	14	301	301	20	20	2	2	6	6	29	29	0	0	0	0
9854021	1	mybot	244	105	139	244	105	139	0	61	61	22	22	301	301	20	20	2	2	4	4	141	141	0	0	0	0
9854022	0	resident	225	226	-1	225	226	-1	0	49	49	49	49	301	301	1	1	2	2	3	3	0	0	0	0	0	0
9854022	0	gold_adaptive	296	69	227	296	69	227	0	46	46	14	14	301	301	1	1	2	2	0	0	82	82	0	0	0	0
9854022	0	compact_gold	295	241	54	295	241	54	0	45	45	57	57	300	300	1	1	2	2	0	0	22	22	0	0	0	0
9854022	0	norx_native_three	329	76	253	329	76	253	0	45	45	0	0	301	301	1	1	2	2	0	0	49	49	0	0	0	0
9854022	0	legend_balanced	345	117	228	345	117	228	0	49	49	12	12	301	301	1	1	2	2	3	3	60	60	0	0	0	0
9854022	0	mybot	212	134	78	212	134	78	0	53	53	30	30	284	284	1	1	2	2	4	4	52	52	0	0	0	0
9854022	1	resident	226	225	1	226	225	1	0	49	49	49	49	301	301	1	1	2	2	0	0	0	0	0	0	0	0
9854022	1	gold_adaptive	302	54	248	302	54	248	0	44	44	10	10	297	297	1	1	2	2	0	0	109	109	0	0	0	0
9854022	1	compact_gold	320	348	-28	320	348	-28	0	43	43	84	84	301	301	1	1	2	2	3	3	24	24	0	0	0	0
9854022	1	norx_native_three	328	183	145	328	183	145	0	45	45	6	6	301	301	1	1	2	2	0	0	7	7	0	0	0	0
9854022	1	legend_balanced	336	131	205	336	131	205	0	47	47	8	8	301	301	1	1	2	2	0	0	30	30	0	0	0	0
9854022	1	mybot	216	155	61	216	155	61	0	54	54	34	34	301	301	1	1	2	2	4	4	1	1	0	0	0	0
9854023	0	resident	124	120	4	124	120	4	0	31	31	30	30	173	173	16	16	2	2	3	3	0	0	0	0	0	0
9854023	0	gold_adaptive	132	60	72	132	60	72	0	33	33	12	12	301	301	16	16	2	2	0	0	129	129	0	0	0	0
9854023	0	compact_gold	164	189	-25	164	189	-25	0	41	41	45	45	246	246	16	16	2	2	12	12	17	17	0	0	0	0
9854023	0	norx_native_three	221	42	179	221	42	179	0	55	55	2	2	301	301	16	16	2	2	5	5	94	94	0	0	0	0
9854023	0	legend_balanced	236	103	133	236	103	133	0	59	59	13	13	301	301	16	16	2	2	0	0	29	29	0	0	0	0
9854023	0	mybot	201	117	84	201	117	84	0	50	50	25	25	301	301	16	16	2	2	4	4	25	25	0	0	0	0
9854023	1	resident	120	124	-4	120	124	-4	0	30	30	31	31	173	173	16	16	2	2	0	0	0	0	0	0	0	0
9854023	1	gold_adaptive	136	56	80	136	56	80	0	34	34	11	11	301	301	16	16	2	2	0	0	11	11	0	0	0	0
9854023	1	compact_gold	196	221	-25	196	221	-25	0	49	49	53	53	279	279	16	16	2	2	4	4	14	14	0	0	0	0
9854023	1	norx_native_three	229	39	190	229	39	190	0	57	57	3	3	301	301	16	16	2	2	4	4	43	43	0	0	0	0
9854023	1	legend_balanced	241	90	151	241	90	151	0	60	60	8	8	301	301	16	16	2	2	3	3	38	38	0	0	0	0
9854023	1	mybot	184	104	80	184	104	80	0	46	46	19	19	301	301	16	16	2	2	3	3	33	33	0	0	0	0
9854024	0	resident	116	112	4	116	112	4	0	29	29	28	28	212	212	1	1	2	2	3	3	0	0	0	0	0	0
9854024	0	gold_adaptive	156	98	58	156	98	58	0	39	39	20	20	278	278	1	1	2	2	3	3	14	14	0	0	0	0
9854024	0	compact_gold	172	371	-199	172	371	-199	0	43	43	92	92	301	301	1	1	2	2	3	3	17	17	0	0	0	0
9854024	0	norx_native_three	170	68	102	170	68	102	0	42	42	2	2	301	301	1	1	2	2	3	3	16	16	0	0	0	0
9854024	0	legend_balanced	185	121	64	185	121	64	0	46	46	18	18	301	301	1	1	2	2	3	3	24	24	0	0	0	0
9854024	0	mybot	184	137	47	184	137	47	0	46	46	27	27	301	301	1	1	2	2	3	3	28	28	0	0	0	0
9854024	1	resident	112	116	-4	112	116	-4	0	28	28	29	29	212	212	1	1	2	2	3	3	0	0	0	0	0	0
9854024	1	gold_adaptive	140	78	62	140	78	62	0	35	35	16	16	297	297	1	1	2	2	3	3	39	39	0	0	0	0
9854024	1	compact_gold	168	323	-155	168	323	-155	0	42	42	80	80	301	301	1	1	2	2	0	0	24	24	0	0	0	0
9854024	1	norx_native_three	168	61	107	168	61	107	0	42	42	2	2	301	301	1	1	2	2	5	5	6	6	0	0	0	0
9854024	1	legend_balanced	176	102	74	176	102	74	0	44	44	10	10	301	301	1	1	2	2	3	3	43	43	0	0	0	0
9854024	1	mybot	180	119	61	180	119	61	0	45	45	21	21	301	301	1	1	2	2	3	3	214	214	0	0	0	0
9854025	0	resident	120	124	-4	120	124	-4	0	30	30	31	31	159	159	24	24	2	2	4	4	0	0	0	0	0	0
9854025	0	gold_adaptive	144	61	83	144	61	83	0	36	36	12	12	182	182	24	24	2	2	3	3	11	11	0	0	0	0
9854025	0	compact_gold	212	107	105	212	107	105	0	53	53	25	25	215	215	24	24	2	2	4	4	15	15	0	0	0	0
9854025	0	norx_native_three	280	83	197	280	83	197	0	70	70	1	1	301	301	24	24	2	2	3	3	53	53	0	0	0	0
9854025	0	legend_balanced	268	63	205	268	63	205	0	67	67	12	12	301	301	24	24	2	2	5	5	17	17	0	0	0	0
9854025	0	mybot	208	78	130	208	78	130	0	52	52	16	16	279	279	24	24	2	2	3	3	73	73	0	0	0	0
9854025	1	resident	124	120	4	124	120	4	0	31	31	30	30	159	159	24	24	2	2	0	0	0	0	0	0	0	0
9854025	1	gold_adaptive	148	73	75	148	73	75	0	37	37	15	15	191	191	24	24	2	2	3	3	27	27	0	0	0	0
9854025	1	compact_gold	160	99	61	160	99	61	0	40	40	23	23	180	180	24	24	2	2	4	4	12	12	0	0	0	0
9854025	1	norx_native_three	325	73	252	325	73	252	0	81	81	6	6	301	301	24	24	2	2	5	5	15	15	0	0	0	0
9854025	1	legend_balanced	388	72	316	388	72	316	0	97	97	11	11	301	301	24	24	2	2	3	3	31	31	0	0	0	0
9854025	1	mybot	213	117	96	213	117	96	0	53	53	19	19	301	301	24	24	2	2	3	3	119	119	0	0	0	0
9854026	0	resident	120	124	-4	120	124	-4	0	30	30	31	31	176	176	4	4	2	2	3	3	0	0	0	0	0	0
9854026	0	gold_adaptive	204	26	178	204	26	178	0	51	51	2	2	289	289	4	4	2	2	3	3	1	1	0	0	0	0
9854026	0	compact_gold	203	297	-94	203	297	-94	0	50	50	71	71	301	301	4	4	2	2	4	4	20	20	0	0	0	0
9854026	0	norx_native_three	221	38	183	221	38	183	0	55	55	1	1	301	301	4	4	2	2	3	3	106	106	0	0	0	0
9854026	0	legend_balanced	245	95	150	245	95	150	0	61	61	13	13	301	301	4	4	2	2	3	3	15	15	0	0	0	0
9854026	0	mybot	222	116	106	222	116	106	0	55	55	22	22	301	301	4	4	2	2	3	3	57	57	0	0	0	0
9854026	1	resident	124	120	4	124	120	4	0	31	31	30	30	176	176	4	4	2	2	0	0	0	0	0	0	0	0
9854026	1	gold_adaptive	204	26	178	204	26	178	0	51	51	2	2	301	301	4	4	2	2	3	3	5	5	0	0	0	0
9854026	1	compact_gold	200	277	-77	200	277	-77	0	50	50	66	66	301	301	4	4	2	2	3	3	14	14	0	0	0	0
9854026	1	norx_native_three	227	35	192	227	35	192	0	56	56	0	0	301	301	4	4	2	2	4	4	137	137	0	0	0	0
9854026	1	legend_balanced	214	118	96	214	118	96	0	53	53	17	17	301	301	4	4	2	2	5	5	53	53	0	0	0	0
9854026	1	mybot	206	138	68	206	138	68	0	51	51	21	21	301	301	4	4	2	2	0	0	25	25	0	0	0	0
9854027	0	resident	207	207	0	207	207	0	0	37	37	37	37	301	301	1	1	2	2	0	0	0	0	0	0	0	0
9854027	0	gold_adaptive	230	119	111	230	119	111	0	35	35	25	25	301	301	1	1	2	2	3	3	30	30	0	0	0	0
9854027	0	compact_gold	257	358	-101	257	358	-101	0	27	27	87	87	301	301	1	1	2	2	3	3	34	34	0	0	0	0
9854027	0	norx_native_three	248	67	181	248	67	181	0	30	30	5	5	301	301	1	1	2	2	0	0	0	0	0	0	0	0
9854027	0	legend_balanced	172	92	80	172	92	80	0	41	41	8	8	301	301	1	1	2	2	4	4	34	34	0	0	0	0
9854027	0	mybot	167	93	74	167	93	74	0	36	36	19	19	301	301	1	1	2	2	3	3	19	19	0	0	0	0
9854027	1	resident	207	207	0	207	207	0	0	37	37	37	37	301	301	1	1	2	2	0	0	0	0	0	0	0	0
9854027	1	gold_adaptive	213	58	155	213	58	155	0	29	29	11	11	301	301	1	1	2	2	0	0	20	20	0	0	0	0
9854027	1	compact_gold	254	365	-111	254	365	-111	0	26	26	89	89	301	301	1	1	2	2	3	3	22	22	0	0	0	0
9854027	1	norx_native_three	265	64	201	265	64	201	0	29	29	4	4	301	301	1	1	2	2	0	0	1	1	0	0	0	0
9854027	1	legend_balanced	160	90	70	160	90	70	0	38	38	10	10	301	301	1	1	2	2	36	36	51	51	0	0	0	0
9854027	1	mybot	170	106	64	170	106	64	0	36	36	23	23	301	301	1	1	2	2	36	36	14	14	0	0	0	0
9854028	0	resident	124	120	4	124	120	4	0	31	31	30	30	165	165	6	6	2	2	3	3	0	0	0	0	0	0
9854028	0	gold_adaptive	175	14	161	175	14	161	0	43	43	0	0	301	301	6	6	2	2	24	24	89	89	0	0	0	0
9854028	0	compact_gold	190	343	-153	190	343	-153	0	47	47	84	84	301	301	6	6	2	2	45	45	40	40	0	0	0	0
9854028	0	norx_native_three	164	37	127	164	37	127	0	40	40	0	0	301	301	6	6	2	2	33	33	121	121	0	0	0	0
9854028	0	legend_balanced	187	121	66	187	121	66	0	46	46	12	12	301	301	6	6	2	2	46	46	40	40	0	0	0	0
9854028	0	mybot	179	94	85	179	94	85	0	44	44	16	16	301	301	6	6	2	2	33	33	16	16	0	0	0	0
9854028	1	resident	120	124	-4	120	124	-4	0	30	30	31	31	165	165	6	6	2	2	49	49	0	0	0	0	0	0
9854028	1	gold_adaptive	190	14	176	190	14	176	0	47	47	0	0	301	301	6	6	2	2	3	3	6	6	0	0	0	0
9854028	1	compact_gold	184	299	-115	184	299	-115	0	46	46	73	73	301	301	6	6	2	2	3	3	30	30	0	0	0	0
9854028	1	norx_native_three	185	62	123	185	62	123	0	46	46	6	6	301	301	6	6	2	2	3	3	0	0	0	0	0	0
9854028	1	legend_balanced	196	65	131	196	65	131	0	49	49	0	0	301	301	6	6	2	2	3	3	0	0	0	0	0	0
9854028	1	mybot	192	97	95	192	97	95	0	48	48	15	15	301	301	6	6	2	2	4	4	22	22	0	0	0	0
9854029	0	resident	54	54	0	54	54	0	0	13	13	13	13	301	301	6	6	2	2	244	244	0	0	0	0	0	0
9854029	0	gold_adaptive	164	40	124	164	40	124	0	41	41	7	7	187	187	6	6	2	2	4	4	77	77	0	0	0	0
9854029	0	compact_gold	212	195	17	212	195	17	0	53	53	46	46	232	232	6	6	2	2	6	6	21	21	0	0	0	0
9854029	0	norx_native_three	278	107	171	278	107	171	0	69	69	4	4	301	301	6	6	2	2	4	4	17	17	0	0	0	0
9854029	0	legend_balanced	302	121	181	302	121	181	0	75	75	15	15	301	301	6	6	2	2	6	6	20	20	0	0	0	0
9854029	0	mybot	204	183	21	204	183	21	0	51	51	42	42	245	245	6	6	2	2	4	4	23	23	0	0	0	0
9854029	1	resident	54	54	0	54	54	0	0	13	13	13	13	301	301	6	6	2	2	243	243	0	0	0	0	0	0
9854029	1	gold_adaptive	164	41	123	164	41	123	0	41	41	7	7	205	205	6	6	2	2	10	10	59	59	0	0	0	0
9854029	1	compact_gold	200	179	21	200	179	21	0	50	50	42	42	214	214	6	6	2	2	6	6	17	17	0	0	0	0
9854029	1	norx_native_three	241	55	186	241	55	186	0	60	60	0	0	301	301	6	6	2	2	5	5	307	307	0	0	0	0
9854029	1	legend_balanced	302	123	179	302	123	179	0	75	75	16	16	301	301	6	6	2	2	3	3	40	40	0	0	0	0
9854029	1	mybot	216	185	31	216	185	31	0	54	54	42	42	264	264	6	6	2	2	10	10	61	61	0	0	0	0
9854030	0	resident	172	176	-4	172	176	-4	0	43	43	44	44	222	222	14	14	2	2	0	0	0	0	0	0	0	0
9854030	0	gold_adaptive	196	63	133	196	63	133	0	49	49	12	12	247	247	14	14	2	2	3	3	45	45	0	0	0	0
9854030	0	compact_gold	263	341	-78	263	341	-78	0	65	65	82	82	301	301	14	14	2	2	4	4	25	25	0	0	0	0
9854030	0	norx_native_three	255	82	173	255	82	173	0	63	63	6	6	301	301	14	14	2	2	4	4	87	87	0	0	0	0
9854030	0	legend_balanced	256	102	154	256	102	154	0	63	63	8	8	301	301	14	14	2	2	3	3	43	43	0	0	0	0
9854030	0	mybot	224	186	38	224	186	38	0	56	56	42	42	282	282	14	14	2	2	4	4	16	16	0	0	0	0
9854030	1	resident	176	172	4	176	172	4	0	44	44	43	43	222	222	14	14	2	2	8	8	0	0	0	0	0	0
9854030	1	gold_adaptive	200	85	115	200	85	115	0	50	50	16	16	248	248	14	14	2	2	4	4	11	11	0	0	0	0
9854030	1	compact_gold	261	341	-80	261	341	-80	0	65	65	82	82	301	301	14	14	2	2	3	3	14	14	0	0	0	0
9854030	1	norx_native_three	265	139	126	265	139	126	0	65	65	4	4	301	301	14	14	2	2	4	4	23	23	0	0	0	0
9854030	1	legend_balanced	255	89	166	255	89	166	0	63	63	6	6	301	301	14	14	2	2	4	4	35	35	0	0	0	0
9854030	1	mybot	254	265	-11	254	265	-11	0	63	63	62	62	301	301	14	14	2	2	3	3	23	23	0	0	0	0
9854031	0	resident	141	144	-3	141	144	-3	0	35	35	36	36	300	300	20	20	2	2	10	10	0	0	0	0	0	0
9854031	0	gold_adaptive	155	73	82	155	73	82	0	38	38	15	15	299	299	20	20	2	2	4	4	142	142	0	0	0	0
9854031	0	compact_gold	171	236	-65	171	236	-65	0	41	41	58	58	301	301	20	20	2	2	10	10	20	20	0	0	0	0
9854031	0	norx_native_three	140	61	79	140	61	79	0	34	34	5	5	301	301	20	20	2	2	10	10	1	1	0	0	0	0
9854031	0	legend_balanced	170	71	99	170	71	99	0	41	41	3	3	301	301	20	20	2	2	10	10	50	50	0	0	0	0
9854031	0	mybot	168	125	43	168	125	43	0	41	41	29	29	301	301	20	20	2	2	4	4	82	82	0	0	0	0
9854031	1	resident	144	141	3	144	141	3	0	36	36	35	35	300	300	20	20	2	2	10	10	0	0	0	0	0	0
9854031	1	gold_adaptive	159	80	79	159	80	79	0	39	39	17	17	301	301	20	20	2	2	10	10	110	110	0	0	0	0
9854031	1	compact_gold	175	284	-109	175	284	-109	0	43	43	70	70	301	301	20	20	2	2	10	10	17	17	0	0	0	0
9854031	1	norx_native_three	155	54	101	155	54	101	0	38	38	2	2	301	301	20	20	2	2	10	10	8	8	0	0	0	0
9854031	1	legend_balanced	170	71	99	170	71	99	0	41	41	2	2	301	301	20	20	2	2	10	10	48	48	0	0	0	0
9854031	1	mybot	171	121	50	171	121	50	0	42	42	28	28	301	301	20	20	2	2	4	4	75	75	0	0	0	0
9854032	0	resident	128	128	0	128	128	0	0	32	32	32	32	149	149	14	14	2	2	30	30	0	0	0	0	0	0
9854032	0	gold_adaptive	200	61	139	200	61	139	0	50	50	12	12	253	253	14	14	2	2	3	3	95	95	0	0	0	0
9854032	0	compact_gold	204	176	28	204	176	28	0	51	51	42	42	244	244	14	14	2	2	3	3	26	26	0	0	0	0
9854032	0	norx_native_three	241	102	139	241	102	139	0	60	60	1	1	301	301	14	14	2	2	5	5	12	12	0	0	0	0
9854032	0	legend_balanced	308	83	225	308	83	225	0	77	77	10	10	301	301	14	14	2	2	4	4	51	51	0	0	0	0
9854032	0	mybot	236	75	161	236	75	161	0	59	59	14	14	301	301	14	14	2	2	5	5	66	66	0	0	0	0
9854032	1	resident	128	128	0	128	128	0	0	32	32	32	32	149	149	14	14	2	2	4	4	0	0	0	0	0	0
9854032	1	gold_adaptive	184	69	115	184	69	115	0	46	46	14	14	301	301	14	14	2	2	116	116	13	13	0	0	0	0
9854032	1	compact_gold	200	173	27	200	173	27	0	50	50	39	39	243	243	14	14	2	2	3	3	14	14	0	0	0	0
9854032	1	norx_native_three	252	89	163	252	89	163	0	63	63	0	0	301	301	14	14	2	2	8	8	115	115	0	0	0	0
9854032	1	legend_balanced	284	93	191	284	93	191	0	71	71	11	11	301	301	14	14	2	2	4	4	62	62	0	0	0	0
9854032	1	mybot	256	100	156	256	100	156	0	64	64	18	18	301	301	14	14	2	2	4	4	147	147	0	0	0	0
9854033	0	resident	160	156	4	160	156	4	0	40	40	39	39	201	201	1	1	2	2	4	4	0	0	0	0	0	0
9854033	0	gold_adaptive	204	74	130	204	74	130	0	51	51	15	15	301	301	1	1	2	2	4	4	88	88	0	0	0	0
9854033	0	compact_gold	244	232	12	244	232	12	0	61	61	56	56	301	301	1	1	2	2	4	4	32	32	0	0	0	0
9854033	0	norx_native_three	282	115	167	282	115	167	0	69	69	1	1	301	301	1	1	2	2	40	40	40	40	0	0	0	0
9854033	0	legend_balanced	279	95	184	279	95	184	0	69	69	6	6	301	301	1	1	2	2	7	7	36	36	0	0	0	0
9854033	0	mybot	216	187	29	216	187	29	0	54	54	42	42	301	301	1	1	2	2	84	84	14	14	0	0	0	0
9854033	1	resident	156	160	-4	156	160	-4	0	39	39	40	40	201	201	1	1	2	2	4	4	0	0	0	0	0	0
9854033	1	gold_adaptive	196	64	132	196	64	132	0	49	49	13	13	301	301	1	1	2	2	7	7	72	72	0	0	0	0
9854033	1	compact_gold	263	228	35	263	228	35	0	65	65	55	55	301	301	1	1	2	2	5	5	29	29	0	0	0	0
9854033	1	norx_native_three	253	180	73	253	180	73	0	62	62	0	0	301	301	1	1	2	2	3	3	17	17	0	0	0	0
9854033	1	legend_balanced	233	99	134	233	99	134	0	57	57	9	9	301	301	1	1	2	2	7	7	85	85	0	0	0	0
9854033	1	mybot	228	190	38	228	190	38	0	57	57	44	44	301	301	1	1	2	2	4	4	35	35	0	0	0	0
9854034	0	resident	220	232	-12	220	232	-12	0	55	55	58	58	279	279	15	15	2	2	0	0	0	0	0	0	0	0
9854034	0	gold_adaptive	246	102	144	246	102	144	0	61	61	22	22	301	301	15	15	2	2	3	3	33	33	0	0	0	0
9854034	0	compact_gold	319	318	1	319	318	1	0	52	52	76	76	301	301	15	15	2	2	3	3	51	51	0	0	0	0
9854034	0	norx_native_three	303	76	227	303	76	227	0	47	47	3	3	301	301	15	15	2	2	8	8	387	387	0	0	0	0
9854034	0	legend_balanced	249	125	124	249	125	124	0	60	60	10	10	301	301	15	15	2	2	6	6	89	89	0	0	0	0
9854034	0	mybot	247	223	24	247	223	24	0	60	60	50	50	300	300	15	15	2	2	4	4	89	89	0	0	0	0
9854034	1	resident	232	220	12	232	220	12	0	58	58	55	55	279	279	15	15	2	2	4	4	0	0	0	0	0	0
9854034	1	gold_adaptive	342	78	264	342	78	264	0	49	49	16	16	301	301	15	15	2	2	3	3	147	147	0	0	0	0
9854034	1	compact_gold	347	439	-92	347	439	-92	0	50	50	106	106	301	301	15	15	2	2	3	3	15	15	0	0	0	0
9854034	1	norx_native_three	298	94	204	298	94	204	0	46	46	16	16	301	301	15	15	2	2	3	3	430	430	0	0	0	0
9854034	1	legend_balanced	358	143	215	358	143	215	0	53	53	10	10	301	301	15	15	2	2	3	3	49	49	0	0	0	0
9854034	1	mybot	268	242	26	268	242	26	0	61	61	50	50	301	301	15	15	2	2	3	3	37	37	0	0	0	0
9854035	0	resident	96	100	-4	96	100	-4	0	24	24	25	25	144	144	1	1	2	2	13	13	0	0	0	0	0	0
9854035	0	gold_adaptive	144	33	111	144	33	111	0	36	36	6	6	271	271	1	1	2	2	4	4	13	13	0	0	0	0
9854035	0	compact_gold	148	26	122	148	26	122	0	37	37	3	3	264	264	1	1	2	2	3	3	0	0	0	0	0	0
9854035	0	norx_native_three	154	37	117	154	37	117	0	38	38	1	1	301	301	1	1	2	2	8	8	58	58	0	0	0	0
9854035	0	legend_balanced	174	45	129	174	45	129	0	43	43	0	0	301	301	1	1	2	2	6	6	0	0	0	0	0	0
9854035	0	mybot	191	91	100	191	91	100	0	47	47	19	19	301	301	1	1	2	2	4	4	71	71	0	0	0	0
9854035	1	resident	100	96	4	100	96	4	0	25	25	24	24	144	144	1	1	2	2	3	3	0	0	0	0	0	0
9854035	1	gold_adaptive	144	30	114	144	30	114	0	36	36	5	5	253	253	1	1	2	2	3	3	29	29	0	0	0	0
9854035	1	compact_gold	148	31	117	148	31	117	0	37	37	4	4	274	274	1	1	2	2	3	3	0	0	0	0	0	0
9854035	1	norx_native_three	151	29	122	151	29	122	0	37	37	0	0	301	301	1	1	2	2	3	3	134	134	0	0	0	0
9854035	1	legend_balanced	171	43	128	171	43	128	0	42	42	0	0	301	301	1	1	2	2	4	4	0	0	0	0	0	0
9854035	1	mybot	186	84	102	186	84	102	0	46	46	16	16	301	301	1	1	2	2	3	3	68	68	0	0	0	0
9854036	0	resident	146	152	-6	146	152	-6	0	35	35	37	37	298	298	26	26	2	2	0	0	0	0	0	0	0	0
9854036	0	gold_adaptive	139	78	61	139	78	61	0	32	32	16	16	301	301	26	26	2	2	5	5	104	104	0	0	0	0
9854036	0	compact_gold	150	340	-190	150	340	-190	0	35	35	83	83	301	301	26	26	2	2	0	0	31	31	0	0	0	0
9854036	0	norx_native_three	149	75	74	149	75	74	0	35	35	3	3	301	301	26	26	2	2	4	4	0	0	0	0	0	0
9854036	0	legend_balanced	156	64	92	156	64	92	0	37	37	0	0	301	301	26	26	2	2	3	3	0	0	0	0	0	0
9854036	0	mybot	152	126	26	152	126	26	0	36	36	17	17	301	301	26	26	2	2	3	3	47	47	0	0	0	0
9854036	1	resident	152	146	6	152	146	6	0	37	37	35	35	298	298	26	26	2	2	5	5	0	0	0	0	0	0
9854036	1	gold_adaptive	144	125	19	144	125	19	0	34	34	28	28	301	301	26	26	2	2	4	4	38	38	0	0	0	0
9854036	1	compact_gold	145	308	-163	145	308	-163	0	34	34	75	75	301	301	26	26	2	2	4	4	54	54	0	0	0	0
9854036	1	norx_native_three	144	68	76	144	68	76	0	34	34	3	3	301	301	26	26	2	2	3	3	0	0	0	0	0	0
9854036	1	legend_balanced	153	72	81	153	72	81	0	36	36	0	0	301	301	26	26	2	2	3	3	0	0	0	0	0	0
9854036	1	mybot	144	158	-14	144	158	-14	0	34	34	25	25	301	301	26	26	2	2	14	14	39	39	0	0	0	0
9854037	0	resident	104	153	-49	104	153	-49	0	26	26	28	28	215	215	10	10	2	2	3	3	0	0	0	0	0	0
9854037	0	gold_adaptive	219	106	113	219	106	113	0	35	35	24	24	301	301	10	10	2	2	0	0	22	22	0	0	0	0
9854037	0	compact_gold	244	222	22	244	222	22	0	31	31	54	54	301	301	10	10	2	2	3	3	52	52	0	0	0	0
9854037	0	norx_native_three	228	36	192	228	36	192	0	27	27	2	2	301	301	10	10	2	2	3	3	1	1	0	0	0	0
9854037	0	legend_balanced	245	122	123	245	122	123	0	32	32	12	12	301	301	10	10	2	2	0	0	20	20	0	0	0	0
9854037	0	mybot	167	62	105	167	62	105	0	38	38	12	12	301	301	10	10	2	2	4	4	5	5	0	0	0	0
9854037	1	resident	153	104	49	153	104	49	0	28	28	26	26	215	215	10	10	2	2	3	3	0	0	0	0	0	0
9854037	1	gold_adaptive	220	87	133	220	87	133	0	32	32	19	19	301	301	10	10	2	2	0	0	67	67	0	0	0	0
9854037	1	compact_gold	228	318	-90	228	318	-90	0	27	27	78	78	301	301	10	10	2	2	3	3	25	25	0	0	0	0
9854037	1	norx_native_three	240	126	114	240	126	114	0	30	30	9	9	301	301	10	10	2	2	0	0	29	29	0	0	0	0
9854037	1	legend_balanced	237	107	130	237	107	130	0	30	30	9	9	301	301	10	10	2	2	3	3	41	41	0	0	0	0
9854037	1	mybot	173	74	99	173	74	99	0	36	36	14	14	301	301	10	10	2	2	4	4	15	15	0	0	0	0
9854038	0	resident	116	108	8	116	108	8	0	29	29	27	27	179	179	30	30	2	2	3	3	0	0	0	0	0	0
9854038	0	gold_adaptive	136	54	82	136	54	82	0	34	34	12	12	207	207	30	30	2	2	4	4	25	25	0	0	0	0
9854038	0	compact_gold	172	86	86	172	86	86	0	43	43	21	21	191	191	30	30	2	2	4	4	5	5	0	0	0	0
9854038	0	norx_native_three	321	43	278	321	43	278	0	80	80	2	2	301	301	30	30	2	2	6	6	6	6	0	0	0	0
9854038	0	legend_balanced	421	70	351	421	70	351	0	105	105	15	15	301	301	30	30	2	2	4	4	9	9	0	0	0	0
9854038	0	mybot	164	64	100	164	64	100	0	41	41	14	14	244	244	30	30	2	2	4	4	6	6	0	0	0	0
9854038	1	resident	108	116	-8	108	116	-8	0	27	27	29	29	179	179	30	30	2	2	4	4	0	0	0	0	0	0
9854038	1	gold_adaptive	160	50	110	160	50	110	0	40	40	11	11	222	222	33	33	2	2	3	3	11	11	0	0	0	0
9854038	1	compact_gold	160	62	98	160	62	98	0	40	40	15	15	192	192	30	30	2	2	3	3	14	14	0	0	0	0
9854038	1	norx_native_three	260	58	202	260	58	202	0	65	65	0	0	301	301	30	30	2	2	4	4	14	14	0	0	0	0
9854038	1	legend_balanced	416	73	343	416	73	343	0	104	104	16	16	301	301	30	30	2	2	5	5	8	8	0	0	0	0
9854038	1	mybot	160	40	120	160	40	120	0	40	40	8	8	238	238	30	30	2	2	4	4	15	15	0	0	0	0
9854039	0	resident	132	132	0	132	132	0	0	33	33	33	33	126	126	1	1	2	2	0	0	0	0	0	0	0	0
9854039	0	gold_adaptive	180	48	132	180	48	132	0	45	45	9	9	195	195	1	1	2	2	4	4	23	23	0	0	0	0
9854039	0	compact_gold	180	145	35	180	145	35	0	45	45	34	34	176	176	1	1	2	2	0	0	2	2	0	0	0	0
9854039	0	norx_native_three	332	114	218	332	114	218	0	83	83	4	4	301	301	1	1	2	2	3	3	30	30	0	0	0	0
9854039	0	legend_balanced	328	185	143	328	185	143	0	82	82	44	44	301	301	1	1	2	2	3	3	93	93	0	0	0	0
9854039	0	mybot	192	125	67	192	125	67	0	48	48	28	28	224	224	1	1	2	2	6	6	63	63	0	0	0	0
9854039	1	resident	132	132	0	132	132	0	0	33	33	33	33	126	126	1	1	2	2	0	0	0	0	0	0	0	0
9854039	1	gold_adaptive	188	53	135	188	53	135	0	47	47	10	10	191	191	1	1	2	2	3	3	28	28	0	0	0	0
9854039	1	compact_gold	300	245	55	300	245	55	0	75	75	59	59	270	270	1	1	2	2	4	4	19	19	0	0	0	0
9854039	1	norx_native_three	330	100	230	330	100	230	0	82	82	1	1	301	301	1	1	2	2	4	4	10	10	0	0	0	0
9854039	1	legend_balanced	292	74	218	292	74	218	0	73	73	8	8	301	301	1	1	2	2	4	4	44	44	0	0	0	0
9854039	1	mybot	212	150	62	212	150	62	0	53	53	34	34	257	257	1	1	2	2	3	3	58	58	0	0	0	0
9854040	0	resident	112	112	0	112	112	0	0	28	28	28	28	165	165	6	6	2	2	0	0	0	0	0	0	0	0
9854040	0	gold_adaptive	144	54	90	144	54	90	0	36	36	9	9	226	226	6	6	2	2	4	4	16	16	0	0	0	0
9854040	0	compact_gold	164	123	41	164	123	41	0	41	41	28	28	213	213	6	6	2	2	3	3	15	15	0	0	0	0
9854040	0	norx_native_three	167	44	123	167	44	123	0	40	40	4	4	301	301	6	6	2	2	3	3	3	3	0	0	0	0
9854040	0	legend_balanced	234	60	174	234	60	174	0	57	57	10	10	301	301	6	6	2	2	6	6	39	39	0	0	0	0
9854040	0	mybot	188	85	103	188	85	103	0	47	47	17	17	300	300	6	6	2	2	3	3	11	11	0	0	0	0
9854040	1	resident	112	112	0	112	112	0	0	28	28	28	28	165	165	6	6	2	2	3	3	0	0	0	0	0	0
9854040	1	gold_adaptive	148	54	94	148	54	94	0	37	37	9	9	221	221	6	6	2	2	0	0	77	77	0	0	0	0
9854040	1	compact_gold	228	211	17	228	211	17	0	56	56	50	50	301	301	6	6	2	2	3	3	25	25	0	0	0	0
9854040	1	norx_native_three	178	50	128	178	50	128	0	43	43	3	3	301	301	6	6	2	2	5	5	0	0	0	0	0	0
9854040	1	legend_balanced	231	81	150	231	81	150	0	56	56	4	4	301	301	6	6	2	2	4	4	22	22	0	0	0	0
9854040	1	mybot	186	106	80	186	106	80	0	46	46	20	20	301	301	6	6	2	2	3	3	11	11	0	0	0	0
9854041	0	resident	92	92	0	92	92	0	0	22	22	22	22	301	301	12	12	2	2	177	177	0	0	0	0	0	0
9854041	0	gold_adaptive	156	88	68	156	88	68	0	39	39	20	20	220	220	12	12	2	2	4	4	18	18	0	0	0	0
9854041	0	compact_gold	222	278	-56	222	278	-56	0	54	54	68	68	301	301	12	12	2	2	39	39	32	32	0	0	0	0
9854041	0	norx_native_three	172	98	74	172	98	74	0	43	43	20	20	256	256	12	12	2	2	4	4	87	87	0	0	0	0
9854041	0	legend_balanced	282	93	189	282	93	189	0	70	70	8	8	301	301	12	12	2	2	5	5	10	10	0	0	0	0
9854041	0	mybot	232	121	111	232	121	111	0	57	57	17	17	301	301	12	12	2	2	4	4	265	265	0	0	0	0
9854041	1	resident	92	92	0	92	92	0	0	22	22	22	22	301	301	12	12	2	2	177	177	0	0	0	0	0	0
9854041	1	gold_adaptive	148	63	85	148	63	85	0	37	37	13	13	246	246	12	12	2	2	74	74	108	108	0	0	0	0
9854041	1	compact_gold	208	210	-2	208	210	-2	0	52	52	51	51	259	259	12	12	2	2	4	4	31	31	0	0	0	0
9854041	1	norx_native_three	188	60	128	188	60	128	0	46	46	3	3	301	301	12	12	2	2	20	20	0	0	0	0	0	0
9854041	1	legend_balanced	245	121	124	245	121	124	0	60	60	18	18	301	301	12	12	2	2	39	39	53	53	0	0	0	0
9854041	1	mybot	220	139	81	220	139	81	0	54	54	24	24	301	301	12	12	2	2	4	4	247	247	0	0	0	0
9854042	0	resident	192	184	8	192	184	8	0	48	48	46	46	181	181	14	14	2	2	3	3	0	0	0	0	0	0
9854042	0	gold_adaptive	336	305	31	336	305	31	0	84	84	76	76	299	299	14	14	2	2	4	4	120	120	0	0	0	0
9854042	0	compact_gold	296	262	34	296	262	34	0	74	74	62	62	299	299	14	14	2	2	4	4	35	35	0	0	0	0
9854042	0	norx_native_three	355	190	165	355	190	165	0	88	88	7	7	301	301	14	14	2	2	6	6	30	30	0	0	0	0
9854042	0	legend_balanced	327	269	58	327	269	58	0	81	81	58	58	301	301	14	14	2	2	4	4	194	194	0	0	0	0
9854042	0	mybot	264	194	70	264	194	70	0	66	66	42	42	272	272	14	14	2	2	3	3	49	49	0	0	0	0
9854042	1	resident	192	184	8	192	184	8	0	48	48	46	46	197	197	14	14	2	2	3	3	0	0	0	0	0	0
9854042	1	gold_adaptive	338	376	-38	338	376	-38	0	84	84	94	94	301	301	14	14	2	2	4	4	168	168	0	0	0	0
9854042	1	compact_gold	244	222	22	244	222	22	0	61	61	52	52	237	237	14	14	2	2	0	0	31	31	0	0	0	0
9854042	1	norx_native_three	343	173	170	343	173	170	0	85	85	2	2	301	301	14	14	2	2	3	3	48	48	0	0	0	0
9854042	1	legend_balanced	339	296	43	339	296	43	0	84	84	64	64	301	301	14	14	2	2	0	0	51	51	0	0	0	0
9854042	1	mybot	331	288	43	331	288	43	0	82	82	64	64	301	301	14	14	2	2	4	4	58	58	0	0	0	0
#latency	baseline	139985	441134	6381011
#latency	candidate	139985	450370	7117466
